5.1	
5.9	
6.2	
6	
6	
5.7	
8.4	
8.3	
8.1	
8.2	
11.4	
9.2	
8.2	
9.7	
10.5	
11.7	
11	
10.8	
14.3	
13.9	
11.3	
14.1	
15.4	
16	
16.9	
20.4	
16.4	
21.8	
23.3	
28.8	
28.2	
36.1	
40.6	
54.3	
59.7	
77.1	
81.5	
109.2	
117.4	
146.8	
149.3	
179.7	
188.2	
215	
223.2	
249.8	
258.1	
305.1	
377.6	
556.7	
761.2	
824.3	
614.2	
419.5	
373.6	
397.9	
391.8	
414	
422.7	
460.1	
957.1	
2283.9	
2668.2	
1887	
991	
405.1	
354.6	
333.7	
320.2	
306.2	
314.2	
299.2	
294.2	
283.5	
275.7	
267.5	
259.9	
249.8	
243.4	
229.9	
228.5	
219.4	
206.6	
201.1	
202.3	
186.8	
186.7	
173.4	
173.4	
164.5	
161.7	
156	
148.2	
142.2	
125.4	
119.4	
120	
112.2	
107.3	
102.2	
98.9	
94.8	
98.7	
92.2	
88.7	
86.4	
81.2	
85	
80.6	
73.2	
81.4	
74.4	
75.9	
74.2	
69.9	
75.3	
70.1	
70.2	
70.4	
67	
62.8	
60.7	
61.2	
63.6	
56.6	
59.7	
60.9	
62.9	
61.2	
58.2	
56.7	
60.6	
55.2	
56.3	
56.5	
53.9	
58.3	
58.9	
61.8	
72.8	
80.9	
89.8	
125.1	
172.4	
133.1	
82.1	
61	
56.5	
59.7	
53.8	
54.7	
54.4	
54.8	
50.4	
53.1	
51.2	
48	
49	
50.9	
52.7	
53.5	
53.9	
52.9	
60.3	
78.3	
193.8	
372.9	
443.4	
325.1	
146.7	
72.9	
47.2	
48.9	
45.3	
44.5	
44.4	
43.5	
43.8	
43.1	
43	
44.4	
40.1	
42.5	
35.4	
40.9	
40.9	
36.5	
42.9	
39.2	
37.5	
38.2	
36.9	
39.1	
32.8	
34.3	
38.5	
36.8	
33.3	
33.6	
33	
32.8	
35.2	
32.7	
34.3	
32	
34.1	
32.8	
32	
31.2	
28.3	
29.6	
28.1	
31.1	
31	
29.1	
30.6	
29.9	
29.4	
29.1	
25.9	
28.9	
29	
26.4	
24.5	
25.2	
28.3	
27.8	
23.8	
23.1	
25.2	
23.6	
24.1	
26	
26.5	
24.2	
23.3	
29	
23.8	
25	
28.1	
32.6	
35.5	
30	
25.3	
22.2	
22.4	
21.7	
21.6	
19.8	
20.4	
21.1	
21.3	
22.4	
22.7	
21.2	
20.2	
21.6	
16.6	
18.9	
20	
19.2	
18.2	
21.1	
21.4	
18.2	
17.6	
17.2	
16.8	
18.8	
17.7	
18.2	
18.3	
19.6	
17.9	
21	
18.7	
23.6	
36.6	
48	
52.8	
45.7	
37.7	
27.4	
17.9	
19.5	
18.4	
15.7	
14.9	
18	
15.7	
18.2	
17.8	
14.7	
15.2	
16.4