2.2	
1.2	
1.9	
1.1	
2.3	
2.2	
2.5	
2.4	
3.4	
4.1	
5.7	
7.5	
8.6	
12.3	
14.9	
17.7	
22.8	
25	
29.6	
36	
49.2	
72.8	
104.9	
131.2	
124.1	
107.9	
99.7	
94.3	
102.2	
149.9	
357.7	
772.5	
803.3	
403	
218.8	
143.8	
135.3	
139.8	
139.2	
142.5	
144.6	
149.4	
154.1	
156.5	
155.9	
151.6	
160.8	
147.4	
152.5	
142.8	
141.4	
141.2	
132.9	
120.7	
114.4	
108.7	
107.4	
98.7	
104.3	
91.8	
95.4	
95.9	
86.4	
89.2	
84	
84.3	
81.1	
75.5	
72.8	
73.6	
70.2	
72.9	
71.8	
65.5	
66.9	
66.1	
64.9	
63.6	
71.9	
62.7	
64.5	
64.1	
60.7	
59.1	
64	
81.9	
100.3	
146.5	
184.4	
158.9	
97.9	
77.9	
73.2	
70.9	
68.1	
66.1	
64.8	
67.7	
67.7	
67.6	
64.6	
64.2	
85.7	
234	
501.3	
560.5	
360.5	
157.8	
87.4	
67.1	
64.5	
60	
59.4	
57.3	
59.3	
53.7	
53.7	
52.8	
52.1	
50	
49.6	
51.5	
50.7	
49.1	
44.6	
42.7	
44.6	
43.4	
40.4	
41.3	
43.8	
40.8	
40.8	
44.2	
41.3	
38.4	
40.8	
39.3	
39	
38.6	
36.2	
39.7	
36.2	
37.8	
33.5	
32.2	
35.4	
29.5	
31.6	
32.1	
33.6	
38.6	
36.4	
43.5	
62.6	
81.4	
61.1	
38.8	
29.9	
26.7	
24.6	
23.5	
25.6	
24.4	
23.5	
22.5	
24	
23.7	
23.2	
21.8	
23.6	
21.7	
23	
22.4	
23.3	
19.7	
22.9	
23	
25.6	
60.3	
134.7	
182.6	
150.4	
88.2	
43.2	
19.9	
22.4	
20.3	
20.2	
16.4	
19.8	
17.5	
15.4	
16.5	
15.6	
18.3	
15.9	
12.6	
15.3	
16.4	
14.1